210
355
1605
355
1315
2275
605
6446
355
5540
3860
6020
4245
7022
1835
5654
630
9926
465
10375
815
2795
4560
495
1160
1075
13616
490
2220
1700
2440
2100
810
210
210
2930
635
3800
1895
350
755
355
1305
750
2360
355
9524
2870
3930
210
10431
6542
1750
2500
2480
5162
210
495
210
210
3535
6284
5618
210
3680
4470
890
1205
3325
1955
2120
745
5756
210
210
1860
2500
500
6842
2295
3140
5804
6092
7238
7838
350
350
5234
210
210
210
210
210
210
210
210
210
210
210
210
210
210
1965
7454
1635
210
355
210
6794
355
205
210
210
525
1965
1030
350
5960
1895
1945
2550
6926
210
355
210
2005
475
865
5630
270
5540
9620
1300
1410
1270
350
3095
355
10865
7358
80
2020
6302
390
1055
3090
1510
350
440
940
100
490
1670
350
65
430
470
825
535
110
240
205
1295
275
175
210
210
75
60
210
1755
1280
630
480
495
1005
55
25
885
490
35
1575
1685
2380
455
3670
840
490
40
210
410
350
45
2760
865
2035
565
885
2685
7065
8680
6170
210
6410
8860
5370
6010
630
210
5230
2165
2120
635
1010
1210
495
